10.000  0.323  0.024  0.916  0.000  0.994
10.101  0.231  0.044  0.653  0.000  0.612
10.202  0.554 -0.034  0.536  0.000 -0.203
10.303  0.372 -0.057  0.024  0.000 -0.845
10.404  0.291  0.033 -0.043  0.000 -0.962
10.505 -0.276 -0.029 -0.530  0.000 -0.399
10.606 -0.808 -0.111 -0.748  0.000  0.415
10.707 -1.144  0.018 -0.934  0.000  0.948
10.808 -1.140  0.141 -1.030  0.000  0.839
10.909 -0.787  0.060 -0.948  0.000  0.202
11.010 -0.420  0.063 -0.908  0.000 -0.601
11.111 -0.121 -0.077 -0.629  0.000 -0.997
11.212 -0.078  0.028 -0.527  0.000 -0.758
11.313 -0.054  0.039  0.016  0.000  0.017
11.414  0.025 -0.008  0.375  0.000  0.764
11.515  0.059  0.106  0.655  0.000  0.993
11.616  0.243 -0.038  0.642  0.000  0.561
11.717  0.938 -0.166  1.063  0.000 -0.252
11.818  1.116 -0.040  1.001  0.000 -0.885
11.919  1.174 -0.091  0.973  0.000 -0.937
12.020  0.689 -0.098  0.636  0.000 -0.360
12.121  0.139  0.000  0.418  0.000  0.459
12.222 -0.250 -0.047  0.205  0.000  0.963
12.323 -0.484  0.047 -0.262  0.000  0.834
12.424 -0.461  0.107 -0.393  0.000  0.138
12.525 -0.463 -0.079 -0.838  0.000 -0.654
12.626 -0.312 -0.074 -0.970  0.000 -0.995
12.727 -0.493 -0.029 -0.955  0.000 -0.674
12.828 -0.807  0.108 -1.025  0.000  0.086
12.929 -1.020 -0.084 -0.848  0.000  0.821
13.030 -0.701 -0.065 -0.522  0.000  0.984
13.131 -0.386  0.022 -0.221  0.000  0.504
13.232  0.091 -0.043  0.085  0.000 -0.289
13.333  0.742  0.124  0.498  0.000 -0.914
13.434  0.777 -0.191  0.561  0.000 -0.924
13.535  0.905  0.066  0.955  0.000 -0.300
13.636  0.486 -0.086  0.967  0.000  0.497
13.737  0.384  0.049  0.857  0.000  0.967
13.838  0.463 -0.030  0.910  0.000  0.792
13.939  0.453 -0.058  0.548  0.000  0.086
14.040  0.459 -0.055  0.192  0.000 -0.699
14.141  0.496 -0.228  0.090  0.000 -1.020
14.242  0.003 -0.005 -0.340  0.000 -0.650
14.343 -0.469 -0.017 -0.510  0.000  0.142
14.444 -1.136  0.169 -0.988  0.000  0.831
14.545 -1.137 -0.133 -0.912  0.000  0.976
14.646 -1.055 -0.079 -1.090  0.000  0.464
14.747 -0.648 -0.027 -0.962  0.000 -0.390
14.848 -0.139  0.040 -0.689  0.000 -0.943
14.949  0.021  0.031 -0.361  0.000 -0.882
15.051 -0.185  0.081 -0.306  0.000 -0.243
15.152  0.115  0.015  0.486  0.000  0.553
15.253  0.106 -0.022  0.567  0.000  0.997
15.354  0.363  0.109  0.819  0.000  0.767
15.455  0.892  0.022  1.049  0.000  0.012
15.556  0.986 -0.111  0.968  0.000 -0.737
15.657  1.095  0.054  0.930  0.000 -0.994
15.758  1.075  0.128  1.044  0.000 -0.585
15.859  0.266  0.024  0.401  0.000  0.222
15.960 -0.070 -0.113  0.311  0.000  0.870
16.061 -0.522  0.014 -0.118  0.000  0.959
16.162 -0.663  0.040 -0.625  0.000  0.424
16.263 -0.342  0.132 -0.663  0.000 -0.432
16.364 -0.287  0.136 -0.923  0.000 -0.946
16.465 -0.356 -0.049 -0.897  0.000 -0.861
16.566 -0.916  0.106 -1.189  0.000 -0.187
16.667 -0.874  0.095 -0.758  0.000  0.616
16.768 -0.874 -0.088 -0.573  0.000  0.990
16.869 -0.592  0.137 -0.395  0.000  0.722
16.970  0.084 -0.053  0.102  0.000 -0.034
17.071  0.382 -0.021  0.141  0.000 -0.757
17.172  0.882 -0.011  0.560  0.000 -0.996
17.273  0.779  0.012  0.875  0.000 -0.540
17.374  0.551  0.009  0.954  0.000  0.263
17.475  0.397  0.131  0.856  0.000  0.875
17.576  0.201 -0.017  0.827  0.000  0.937
17.677  0.365 -0.021  0.717  0.000  0.335
17.778  0.389 -0.098  0.342  0.000 -0.482
17.879  0.424 -0.066  0.033  0.000 -0.986
17.980  0.103 -0.025 -0.227  0.000 -0.826
18.081 -0.434 -0.040 -0.521  0.000 -0.130
18.182 -0.814 -0.151 -0.777  0.000  0.649
18.283 -1.142  0.193 -1.056  0.000  1.000
18.384 -1.154 -0.089 -1.143  0.000  0.677
18.485 -0.552  0.238 -0.773  0.000 -0.121
18.586 -0.372  0.022 -0.818  0.000 -0.813
18.687  0.051 -0.035 -0.478  0.000 -0.984
18.788  0.089 -0.082 -0.131  0.000 -0.485
18.889  0.178 -0.100  0.339  0.000  0.336
18.990 -0.120  0.199  0.350  0.000  0.905
19.091  0.058  0.029  0.598  0.000  0.910
19.192  0.528  0.061  0.828  0.000  0.288
19.293  1.019  0.079  0.996  0.000 -0.536
19.394  1.316 -0.032  1.047  0.000 -0.959
19.495  1.009  0.042  0.848  0.000 -0.783
19.596  0.455  0.031  0.524  0.000 -0.055
19.697 -0.043  0.026  0.338  0.000  0.712
19.798 -0.373  0.014 -0.060  0.000  1.014
19.899 -0.436  0.084 -0.348  0.000  0.636
20.000 -0.581  0.255 -0.747  0.000 -0.143
