10.000  0.863 -0.008  1.073
10.101  0.423  0.151  0.635
10.202  0.460  0.046  0.545
10.303  0.167  0.166  0.308
10.404 -0.177 -0.173 -0.208
10.505 -0.421  0.207 -0.537
10.606 -0.448  0.173 -0.631
10.707 -0.697 -0.176 -0.852
10.808 -0.845 -0.030 -0.995
10.909 -0.776  0.053 -0.867
11.010 -0.578 -0.108 -0.735
11.111 -0.627 -0.065 -0.725
11.212 -0.293  0.058 -0.359
11.313 -0.087 -0.023 -0.112
11.414  0.290  0.036  0.359
11.515  0.397 -0.048  0.517
11.616  0.752  0.095  0.910
11.717  1.058 -0.065  1.265
11.818  0.723 -0.002  0.970
11.919  0.725 -0.129  0.769
12.020  0.578  0.069  0.768
12.121  0.219 -0.027  0.278
12.222  0.028 -0.157  0.040
12.323 -0.237  0.016 -0.296
12.424 -0.343  0.080 -0.483
12.525 -0.828  0.001 -0.906
12.626 -0.878 -0.111 -1.030
12.727 -0.835  0.193 -1.101
12.828 -0.672  0.076 -0.846
12.929 -0.736 -0.182 -0.787
13.030 -0.194  0.002 -0.407
13.131 -0.206 -0.015 -0.287
13.232  0.099  0.062  0.143
13.333  0.415 -0.144  0.531
13.434  0.515  0.003  0.690
13.535  0.722  0.087  0.870
13.636  0.929 -0.103  1.086
13.737  0.827  0.109  1.018
13.838  0.667  0.051  0.831
13.939  0.435 -0.114  0.518
14.040  0.147 -0.259  0.274
14.141  0.059 -0.010  0.056
14.242 -0.254 -0.043 -0.309
14.343 -0.382 -0.040 -0.563
14.444 -0.931 -0.044 -1.116
14.545 -0.901  0.148 -0.993
14.646 -0.749  0.014 -0.969
14.747 -0.771  0.060 -0.953
14.848 -0.508  0.102 -0.601
14.949 -0.322 -0.047 -0.442
15.051 -0.045 -0.165 -0.106
15.152  0.197 -0.017  0.234
15.253  0.508 -0.006  0.550
15.354  0.781  0.189  0.845
15.455  0.848 -0.041  1.016
15.556  0.821 -0.034  1.087
15.657  0.857  0.029  0.950
15.758  0.508  0.094  0.759
15.859  0.518 -0.038  0.608
15.960  0.081  0.098  0.181
16.061 -0.247  0.008 -0.249
16.162 -0.452  0.101 -0.568
16.263 -0.659  0.184 -0.771
16.364 -0.797  0.033 -0.975
16.465 -0.693  0.110 -0.872
16.566 -0.830  0.003 -1.065
16.667 -0.819  0.014 -1.001
16.768 -0.458 -0.084 -0.600
16.869 -0.184 -0.034 -0.342
16.970 -0.131  0.149 -0.181
17.071  0.107 -0.008  0.243
17.172  0.456 -0.024  0.647
17.273  0.490  0.119  0.693
17.374  0.840 -0.076  1.079
17.475  0.888  0.100  1.165
17.576  0.628  0.120  0.844
17.677  0.584 -0.078  0.665
17.778  0.167  0.176  0.231
17.879  0.137  0.024  0.089
17.980 -0.079 -0.058 -0.113
18.081 -0.465  0.120 -0.525
18.182 -0.392 -0.136 -0.504
18.283 -0.894  0.050 -1.086
18.384 -0.776 -0.085 -0.949
18.485 -0.929  0.158 -1.116
18.586 -0.547  0.004 -0.685
18.687 -0.320 -0.073 -0.428
18.788 -0.056 -0.056 -0.085
18.889  0.076  0.133  0.118
18.990  0.319  0.033  0.366
19.091  0.606  0.057  0.880
19.192  0.574  0.066  0.825
19.293  0.912  0.041  1.168
19.394  0.859  0.070  1.013
19.495  0.654  0.198  0.835
19.596  0.428  0.106  0.608
19.697  0.303  0.106  0.350
19.798 -0.203 -0.229 -0.213
19.899 -0.325  0.074 -0.272
20.000 -0.603  0.085 -0.762
