# time	vrad	svrad
# ----	----	-----
57046.643740 7.24914 0.01380 2
57053.551950 7.20283 0.02280 2
57054.720600 7.25183 0.01570 2
57055.708360 7.22914 0.03310 2
57056.628660 7.21942 0.02490 2
57064.622940 7.34330 0.00510 4
57064.643660 7.33780 0.00600 4
57075.653850 7.23538 0.01960 2
57076.463830 7.19965 0.01880 2
57079.530340 7.23608 0.01370 2
57109.590530 7.18130 0.02930 2
57137.382390 7.20901 0.02840 2
57185.518080 0.00374 0.00319 1
57186.506770 0.00001 0.00483 1
57187.538410 -0.00475 0.00355 1
57188.542800 -0.00846 0.00350 1
57189.576950 -0.00120 0.00356 1
57190.576020 -0.00117 0.00311 1
57191.594520 0.01182 0.00399 1
57203.503610 -0.01102 0.00473 1
57370.770060 7.29890 0.00500 4
57370.792350 7.29740 0.00510 4
57372.770830 7.30900 0.00870 4
57372.786210 7.31890 0.00650 4
57395.856817 7.33907 0.00814 3
57396.825565 7.34809 0.00327 3
57397.808098 7.34618 0.00331 3
57398.835114 7.34887 0.00306 3
57399.837115 7.34337 0.00692 3
57401.855826 7.34073 0.00234 3
57402.852847 7.34559 0.00306 3
57403.859695 7.34491 0.00312 3
57404.869077 7.35492 0.00462 3
57405.831625 7.35267 0.00294 3
57406.841965 7.33329 0.00742 3
57407.834375 7.32922 0.00376 3
57417.835007 7.32287 0.00382 3
57418.831317 7.33414 0.00388 3
57420.824188 7.36580 0.00252 3
57421.826848 7.35651 0.00266 3
57422.840701 7.35539 0.00308 3
57423.803576 7.26399 0.02357 3
57424.823584 7.32570 0.00274 3
57425.816794 7.32115 0.00313 3
57427.819531 7.32893 0.00301 3
57428.774818 7.34283 0.00352 3
57429.770431 7.34759 0.00567 3
57431.825948 7.32943 0.00289 3
57432.770072 7.32457 0.00270 3
57434.769513 7.32089 0.00477 3
57448.559380 7.29320 0.00900 4
