57180.4657      35.0715        0.0021 0.0736 0.0002 0.0594 0.0006 0.0078 0.0002 1.1837 0.1395
57181.4875      35.0777        0.0024 0.0737 0.0003 0.0593 0.0008 0.0073 0.0003 1.2959 0.1978
57182.5211      35.0790        0.0024 0.0738 0.0003 0.0604 0.0008 0.0072 0.0003 1.1192 0.2717
57183.5369      35.0766        0.0029 0.0733 0.0003 0.0628 0.0010 0.0075 0.0004 1.0605 0.2463
57184.5827      35.0770        0.0034 0.0746 0.0004 0.0623 0.0013 0.0081 0.0005 1.3121 0.4228
57185.4828      35.0725        0.0034 0.0774 0.0004 0.0697 0.0012 0.0083 0.0005 1.1838 0.2943
57186.4758      35.0688        0.0034 0.0789 0.0004 0.0730 0.0012 0.0090 0.0005 1.0703 0.3002
57187.4707      35.0770        0.0033 0.0739 0.0004 0.0611 0.0011 0.0076 0.0005 1.2266 0.2843
57188.4751      35.0677        0.0063 0.0759 0.0007 0.0639 0.0023 0.0077 0.0011 0.5631 0.5589
57189.4766      35.0767        0.0024 0.0737 0.0003 0.0620 0.0009 0.0079 0.0003 1.3587 0.3760
57190.4747      35.0828        0.0025 0.0757 0.0003 0.0666 0.0009 0.0087 0.0003 1.1962 0.2160
57191.4635      35.0733        0.0026 0.0726 0.0003 0.0579 0.0008 0.0072 0.0003 1.0801 0.2145
57192.4695      35.0811        0.0038 0.0756 0.0004 0.0667 0.0012 0.0093 0.0006 1.2518 0.3017
57199.4737      35.0686        0.0039 0.0759 0.0003 0.0692 0.0008 0.0149 0.0003 0.8405 0.2049
57200.4709      35.0826        0.0022 0.0730 0.0003 0.0646 0.0007 0.0076 0.0002 1.1800 0.1595
57201.4700      35.0781        0.0035 0.0759 0.0004 0.0736 0.0013 0.0108 0.0004 0.8145 0.3528
57203.4724      35.0772        0.0033 0.0767 0.0004 0.0679 0.0010 0.0097 0.0004 2.0155 0.2546
57204.4690      35.0739        0.0022 0.0732 0.0003 0.0602 0.0007 0.0088 0.0002 0.6547 0.1638
57211.4898      35.0786        0.0028 0.1089 0.0004 0.1535 0.0014 0.0181 0.0004 3.7218 0.3768
57212.4771      35.0678        0.0065 0.0759 0.0007 0.0694 0.0025 0.0085 0.0010 3.5179 4.3547
57218.4902      35.0808        0.0070 0.0774 0.0007 0.0719 0.0027 0.0072 0.0012 2.6520 1.2886
57219.4812      35.0686        0.0043 0.0766 0.0005 0.0763 0.0016 0.0071 0.0006 1.3183 0.6870
57220.4694      35.0780        0.0029 0.0751 0.0003 0.0669 0.0010 0.0074 0.0003 0.9122 0.3073
57221.4706      35.0769        0.0025 0.0769 0.0003 0.0660 0.0009 0.0079 0.0003 1.3581 0.3381
57222.4842      35.0738        0.0039 0.0784 0.0004 0.0762 0.0016 0.0109 0.0005 2.8997 0.6544
57318.8586      35.0770        0.0022 0.0778 0.0003 0.0709 0.0007 0.0101 0.0002 1.4137 0.1460
57319.8553      35.0739        0.0065 0.0747 0.0007 0.0550 0.0022 0.0090 0.0010 0.9849 0.9136
57325.8585      35.0855        0.0019 0.0747 0.0002 0.0637 0.0006 0.0084 0.0002 1.3391 0.0847
57364.8062      35.0725        0.0017 0.0732 0.0002 0.0567 0.0005 0.0053 0.0001 0.8243 0.0849
57365.8194      35.0703        0.0016 0.0736 0.0002 0.0563 0.0004 0.0057 0.0001 0.7972 0.0720
57366.7942      35.0782        0.0029 0.0739 0.0003 0.0582 0.0008 0.0057 0.0003 0.8061 0.1615
57367.8072      35.0745        0.0020 0.0734 0.0002 0.0551 0.0005 0.0057 0.0002 0.8998 0.1020
57370.8365      35.0741        0.0021 0.0721 0.0002 0.0564 0.0006 0.0065 0.0002 1.0348 0.1061
57371.8364      35.0755        0.0022 0.0736 0.0003 0.0577 0.0006 0.0060 0.0002 0.6316 0.1142
57373.8390      35.0704        0.0034 0.0740 0.0004 0.0571 0.0009 0.0059 0.0004 0.6013 0.1954
57374.7626      35.0756        0.0020 0.0746 0.0002 0.0601 0.0006 0.0072 0.0002 0.9275 0.1048
57389.8172      35.0778        0.0019 0.0740 0.0002 0.0606 0.0005 0.0064 0.0002 0.8959 0.0829
57390.8011      35.0757        0.0019 0.0740 0.0002 0.0616 0.0005 0.0065 0.0002 0.9732 0.0809
57391.8098      35.0764        0.0034 0.0741 0.0004 0.0585 0.0010 0.0071 0.0004 0.3834 0.2935
57401.7321      35.0757        0.0015 0.0752 0.0002 0.0649 0.0004 0.0075 0.0001 1.1823 0.0609
57403.7974      35.0823        0.0019 0.0764 0.0002 0.0685 0.0005 0.0083 0.0002 1.3221 0.0755
57404.7412      35.0796        0.0022 0.0790 0.0003 0.0730 0.0007 0.0083 0.0002 1.4257 0.1107
57405.6930      35.0881        0.0017 0.0751 0.0002 0.0677 0.0005 0.0082 0.0002 1.2337 0.0754
57406.7642      35.0841        0.0028 0.0754 0.0003 0.0681 0.0009 0.0077 0.0003 1.4073 0.1748
57407.6980      35.0793        0.0024 0.0737 0.0002 0.0505 0.0045 0.0080 0.0003 -1.8703        3.2426
57412.7474      35.0790        0.0023 0.0757 0.0003 0.0635 0.0007 0.0085 0.0002 0.9553 0.1079
57413.7202      35.0876        0.0019 0.0733 0.0002 0.0627 0.0006 0.0086 0.0002 1.1364 0.0899
57415.7809      35.0830        0.0022 0.0772 0.0003 0.0704 0.0007 0.0089 0.0002 1.6911 0.1186
57416.7217      35.0842        0.0027 0.0737 0.0003 0.0656 0.0008 0.0076 0.0003 1.3785 0.1412
57417.7195      35.0773        0.0023 0.0763 0.0003 0.0693 0.0007 0.0083 0.0002 1.6400 0.1145
57418.7193      35.0775        0.0021 0.0742 0.0002 0.0663 0.0006 0.0084 0.0002 1.3759 0.1162
57420.7413      35.0797        0.0019 0.0929 0.0003 0.1135 0.0007 0.0137 0.0002 2.6172 0.1104
57421.7295      35.0863        0.0016 0.0740 0.0002 0.0647 0.0005 0.0078 0.0001 1.1015 0.0828
57422.7158      35.0802        0.0017 0.0797 0.0002 0.0772 0.0005 0.0102 0.0002 1.8171 0.0822
57423.7243      35.0843        0.0019 0.0778 0.0002 0.0739 0.0006 0.0096 0.0002 1.7806 0.1194
57424.6908      35.0800        0.0018 0.0734 0.0002 0.0627 0.0005 0.0080 0.0002 1.2936 0.0928
57425.6801      35.0815        0.0024 0.0744 0.0003 0.0640 0.0007 0.0080 0.0003 1.6742 0.1567
57446.6185      35.0818        0.0020 0.0798 0.0002 0.0753 0.0006 0.0102 0.0002 1.4571 0.0769
57447.6264      35.0804        0.0021 0.0772 0.0003 0.0716 0.0006 0.0098 0.0002 1.6056 0.0810
57448.5920      35.0821        0.0019 0.0764 0.0002 0.0691 0.0006 0.0085 0.0002 1.5313 0.0688
57449.5756      35.0875        0.0022 0.1053 0.0003 0.1542 0.0010 0.0171 0.0003 2.6527 0.0831
57450.5911      35.0831        0.0021 0.0754 0.0002 0.0693 0.0006 0.0084 0.0002 1.1410 0.0705
57451.5918      35.0841        0.0018 0.0733 0.0002 0.0640 0.0005 0.0079 0.0002 1.1318 0.0719
57452.5529      35.0839        0.0018 0.0819 0.0002 0.0872 0.0006 0.0099 0.0002 1.8971 0.0765
57453.5449      35.0816        0.0016 0.0742 0.0002 0.0654 0.0005 0.0084 0.0001 1.3474 0.0716
57455.7948      35.0818        0.0028 0.0759 0.0003 0.0679 0.0010 0.0086 0.0003 1.2791 0.3333
57456.5705      35.0851        0.0030 0.0760 0.0003 0.0674 0.0010 0.0091 0.0004 1.4816 0.2336
57457.5540      35.0837        0.0019 0.0742 0.0002 0.0654 0.0006 0.0082 0.0002 1.4374 0.0909
57458.5628      35.0821        0.0019 0.0735 0.0002 0.0658 0.0006 0.0081 0.0002 1.2384 0.0941
57470.6955      35.0846        0.0031 0.0721 0.0004 0.0588 0.0009 0.0093 0.0004 0.7902 0.1269
57472.7555      35.0793        0.0022 0.0751 0.0003 0.0670 0.0007 0.0081 0.0002 0.8746 0.1102
57473.5981      35.0805        0.0021 0.0740 0.0002 0.0638 0.0006 0.0081 0.0002 1.0454 0.1138
57474.6150      35.0808        0.0017 0.0724 0.0002 0.0605 0.0005 0.0069 0.0002 0.9109 0.0870
57475.6271      35.0885        0.0030 0.0723 0.0004 0.0620 0.0008 0.0072 0.0004 0.9834 0.1501
57476.6011      35.0770        0.0020 0.0753 0.0002 0.0642 0.0006 0.0080 0.0002 1.3693 0.1018
57477.5256      35.0855        0.0024 0.0762 0.0003 0.0652 0.0007 0.0082 0.0003 2.1576 0.1534
57477.6036      35.0853        0.0019 0.0767 0.0002 0.0679 0.0006 0.0087 0.0002 1.4413 0.1070
57478.6655      35.0835        0.0022 0.0724 0.0002 0.0600 0.0006 0.0065 0.0002 1.2298 0.1417
57479.6303      35.0742        0.0020 0.0738 0.0002 0.0619 0.0006 0.0068 0.0002 1.7087 0.1287
57486.5663      35.0803        0.0024 0.0767 0.0003 0.0711 0.0008 0.0080 0.0003 1.3607 0.1315
57488.5522      35.0801        0.0021 0.0726 0.0003 0.0602 0.0006 0.0070 0.0002 0.9245 0.0871
57488.7183      35.0808        0.0028 0.0731 0.0003 0.0622 0.0009 0.0070 0.0003 1.3646 0.1755
57529.5196      35.0866        0.0027 0.0739 0.0003 0.0632 0.0008 0.0083 0.0003 0.9024 0.1630
57533.5194      35.0734        0.0061 0.0816 0.0007 0.0760 0.0022 0.0114 0.0011 1.1707 0.4517
57536.5792      35.0743        0.0033 0.0802 0.0004 0.0881 0.0013 0.0097 0.0005 1.4100 0.2996
57566.4667      35.0868        0.0098 0.0723 0.0010 0.0665 0.0041 0.0090 0.0019 1.2531 0.6473
57567.4772      35.0788        0.0025 0.0758 0.0003 0.0740 0.0009 0.0094 0.0003 1.5649 0.2308
57568.4726      35.0819        0.0033 0.0747 0.0003 0.0719 0.0013 0.0095 0.0005 1.2613 0.3376
57569.5552      35.0673        0.0047 0.0743 0.0005 0.0709 0.0019 0.0085 0.0008 1.5105 0.4358
57576.5030      35.0850        0.0044 0.0803 0.0005 0.0746 0.0016 0.0092 0.0007 1.3251 0.2503
57577.5167      35.0769        0.0044 0.0735 0.0004 0.0637 0.0017 0.0087 0.0007 1.4878 0.6083
57584.5054      35.0840        0.0049 0.0731 0.0005 0.0687 0.0019 0.0088 0.0008 0.6917 0.3945
57729.8316      35.0752        0.0023 0.0730 0.0003 0.0620 0.0007 0.0076 0.0002 1.1951 0.1406
57732.8377      35.0890        0.0060 0.0779 0.0007 0.0654 0.0020 0.0085 0.0009 1.5138 0.9210
57734.8518      35.0813        0.0019 0.0734 0.0002 0.0628 0.0005 0.0075 0.0002 1.2762 0.0887
57751.7936      35.0771        0.0019 0.0724 0.0002 0.0620 0.0006 0.0081 0.0002 1.2669 0.1141
57752.8122      35.0847        0.0057 0.0729 0.0006 0.0644 0.0019 0.0075 0.0009 1.1037 0.4191
57753.8014      35.0781        0.0030 0.0724 0.0003 0.0642 0.0009 0.0084 0.0004 1.2188 0.2001
57754.8207      35.0770        0.0024 0.0723 0.0003 0.0621 0.0007 0.0078 0.0003 1.1402 0.1332
57755.8231      35.0831        0.0019 0.0751 0.0002 0.0682 0.0006 0.0091 0.0002 1.3481 0.1158
57792.7277      35.0751        0.0020 0.0764 0.0002 0.0728 0.0006 0.0092 0.0002 1.3278 0.1112
57795.6726      35.0782        0.0022 0.0743 0.0003 0.0647 0.0006 0.0096 0.0002 1.0836 0.0807
57796.6455      35.0843        0.0021 0.0829 0.0003 0.0810 0.0007 0.0110 0.0002 1.6221 0.0927
57797.6402      35.0795        0.0019 0.0716 0.0002 0.0591 0.0005 0.0078 0.0002 1.0547 0.0885
57798.6965      35.0809        0.0021 0.0727 0.0002 0.0605 0.0006 0.0085 0.0002 1.1639 0.0922
57799.6246      35.0818        0.0030 0.0719 0.0003 0.0581 0.0008 0.0088 0.0004 1.1241 0.1988
57803.7585      35.0763        0.0021 0.0729 0.0002 0.0614 0.0006 0.0082 0.0002 1.1774 0.1587
57810.6343      35.0769        0.0018 0.0746 0.0002 0.0709 0.0005 0.0082 0.0002 1.4949 0.0846
57830.5833      35.0794        0.0019 0.0803 0.0002 0.0830 0.0006 0.0099 0.0002 1.9467 0.1141
57831.5423      35.0770        0.0017 0.0736 0.0002 0.0662 0.0005 0.0080 0.0002 1.1967 0.1104
57832.5735      35.0811        0.0022 0.0761 0.0003 0.0698 0.0007 0.0084 0.0002 1.5973 0.1742
57834.5604      35.0775        0.0026 0.0751 0.0003 0.0694 0.0008 0.0093 0.0003 1.5597 0.2012
57835.5218      35.0825        0.0038 0.0836 0.0004 0.0830 0.0014 0.0115 0.0006 1.5755 0.3235
57836.5391      35.0818        0.0028 0.0743 0.0003 0.0664 0.0009 0.0079 0.0004 1.3216 0.2138
57847.6649      35.0737        0.0023 0.0749 0.0003 0.0661 0.0007 0.0084 0.0002 1.2955 0.2598
57848.7030      35.0808        0.0021 0.0758 0.0002 0.0659 0.0007 0.0086 0.0002 2.0690 0.3198
57849.7216      35.0725        0.0026 0.0755 0.0003 0.0682 0.0009 0.0084 0.0003 1.1287 0.4710
57850.5931      35.0790        0.0020 0.0771 0.0002 0.0702 0.0006 0.0098 0.0002 1.4973 0.1231
57851.7008      35.0822        0.0026 0.0755 0.0003 0.0657 0.0009 0.0091 0.0003 1.1375 0.2224
57852.6557      35.0815        0.0025 0.0788 0.0003 0.0770 0.0009 0.0100 0.0003 1.0996 0.2015
57854.6927      35.0733        0.0026 0.0764 0.0003 0.0674 0.0009 0.0101 0.0003 1.0953 0.1944
57872.5444      35.0741        0.0024 0.0726 0.0003 0.0618 0.0007 0.0076 0.0003 1.1265 0.1617
57873.6706      35.0727        0.0029 0.0735 0.0003 0.0637 0.0011 0.0074 0.0004 0.9222 0.3373
57874.5623      35.0746        0.0030 0.0783 0.0003 0.0736 0.0010 0.0097 0.0004 1.4706 0.2621
57875.6886      35.0714        0.0074 0.0747 0.0008 0.0614 0.0031 0.0086 0.0013 1.3750 0.7009
57877.5748      35.0749        0.0023 0.0734 0.0003 0.0613 0.0008 0.0080 0.0003 1.1110 0.2208
57924.5360      35.0747        0.0030 0.0737 0.0003 0.0620 0.0011 0.0078 0.0004 2.0765 0.3792
57925.5331      35.0745        0.0037 0.0774 0.0004 0.0698 0.0014 0.0091 0.0005 1.8617 0.4392